0,0,0,8,0
1,0,8,8,0
2,0,16,8,0
3,0,24,8,0
4,0,32,8,0
5,0,40,8,0
6,0,48,8,0
7,0,56,8,0
8,0,64,8,0
9,0,72,8,0
10,0,80,8,0
11,0,88,8,0
12,0,96,8,0
13,0,104,8,0
14,0,112,8,0
15,0,120,8,0
16,0,128,8,0
17,0,136,8,0
18,0,144,8,0
19,0,152,8,0
20,0,160,8,0
21,0,168,8,0
22,0,176,8,0
23,0,184,8,0
24,0,192,8,0
25,0,200,8,0
26,0,208,8,0
27,0,216,8,0
28,0,224,8,0
29,0,232,8,0
30,0,240,8,0
31,0,248,8,0
32,0,256,8,0
33,0,264,8,0
34,0,272,8,0
35,0,280,8,0
36,0,288,8,0
37,0,296,8,0
38,0,304,8,0
39,0,312,8,0
40,0,320,8,0
41,0,328,8,0
42,0,336,8,0
43,0,344,8,0
44,0,352,8,0
45,0,360,8,0
46,0,368,8,0
47,0,376,8,0
48,0,384,8,0
49,0,392,8,0
50,0,400,8,0
51,0,408,8,0
52,0,416,8,0
53,0,424,8,0
54,0,432,8,0
55,0,440,8,0
56,0,448,8,0
57,0,456,8,0
58,0,464,8,0
59,0,472,8,0
60,0,480,8,0
61,0,488,8,0
62,0,496,8,0
63,0,504,8,0
64,0,512,8,0
65,0,520,8,0
66,0,528,8,0
67,0,536,8,0
68,0,544,8,0
69,0,552,8,0
70,0,560,8,0
71,0,568,8,0
72,0,576,8,0
73,0,584,8,0
74,0,592,8,0
75,0,600,8,0
76,0,608,8,0
77,0,616,8,0
78,0,624,8,0
79,0,632,8,0
80,0,640,8,0
81,0,648,8,0
82,0,656,8,0
83,0,664,8,0
84,0,672,8,0
85,0,680,8,0
86,0,688,8,0
87,0,696,8,0
88,0,704,8,0
89,0,712,8,0
90,0,720,8,0
91,0,728,8,0
92,0,736,8,0
93,0,744,8,0
94,0,752,8,0
95,0,760,8,0
96,0,768,8,0
97,0,776,8,0
98,0,784,8,0
99,0,792,8,0